4294967294,0
4294967294,5
4294967294,7
4294967279,569
4294967279,0
4294967279,154
4294967294,13
4294967294,99
4294967294,51
4294967294,52
4294967294,451
4294967294,927
4294967278,132
4294967278,131
4294967278,431
4294967278,130
4294967278,129
4294967278,128
4294967278,370
4294967278,127
4294967278,255
4294967278,126
4294967278,125
4294967278,124
4294967278,348
4294967278,368
4294967278,123
4294967278,122
4294967278,251
4294967278,121
4294967278,386
4294967278,120
4294967278,119
4294967278,397
4294967278,118
4294967278,117
4294967278,116
4294967278,115
4294967278,114
4294967278,113
4294967278,112
4294967278,111
4294967278,110
4294967278,109
4294967278,108
4294967278,107
4294967278,106
4294967278,105
4294967278,104
4294967278,103
4294967278,102
4294967278,101
4294967278,100
4294967278,99
4294967278,98
4294967278,97
4294967278,96
4294967278,95
4294967278,94
4294967278,93
4294967278,92
4294967278,91
4294967278,90
4294967278,89
4294967278,87
4294967278,86
4294967278,85
4294967278,84
4294967278,83
4294967278,82
4294967278,81
4294967278,80
4294967278,79
4294967278,78
4294967278,77
4294967278,76
4294967278,75
4294967278,74
4294967278,73
4294967278,72
4294967278,71
4294967278,70
4294967278,69
4294967278,68
4294967278,67
4294967278,66
4294967278,65
4294967278,64
4294967278,63
4294967278,62
4294967278,61
4294967278,60
4294967279,548
4294967279,82
4294967279,80
4294967279,77
4294967279,75
4294967279,71
4294967279,65
4294967279,61
4294967279,54
4294967279,53
4294967279,49
4294967279,47
4294967279,45
4294967279,44
4294967279,551
4294967279,37
4294967279,32
4294967279,30
4294967279,28
4294967279,27
4294967279,26
4294967279,531
4294967279,315
4294967279,21
4294967279,20
4294967279,15
4294967279,13
4294967279,12
4294967279,10
4294967279,8
4294967279,7
4294967279,529
4294967279,6
4294967279,341
4294967279,5
4294967279,260
4294967279,281
4294967279,4
4294967279,553
4294967279,40
4294967279,330
4294967294,22
4294967294,17
4294967294,42
4294967294,67
4294967294,76
4294967294,120
4294967294,418
4294967294,1
4294967294,420
4294967294,422
4294967294,12
4294967294,106
4294967294,25
4294967294,1092
4294967294,26
4294967294,82
4294967294,83
0,5
4294967278,440
4294967278,0
4294967294,6
476,8
476,7
476,6
476,5
4294967294,1062
4294967279,568
4294967279,567
462,5
4294967278,439
468,8
468,7
477,10
477,9
488,4
488,3
488,2
488,1
487,4
487,3
487,2
487,1
486,4
486,3
486,2
486,1
485,4
485,3
485,2
485,1
484,4
484,3
484,2
484,1
483,4
483,3
483,2
483,1
482,4
482,3
482,2
482,1
481,4
481,3
481,2
481,1
480,4
480,3
480,2
480,1
479,4
479,3
479,2
479,1
478,4
478,3
478,2
478,1
477,8
477,7
477,6
477,5
477,4
477,3
477,2
477,1
4294967278,438
4294967279,566
4294967278,437
4294967279,565
466,9
4294967279,564
466,8
466,7
4294967279,563
466,6
463,6
476,4
476,3
476,2
476,1
475,5
475,4
475,3
475,2
475,1
474,5
474,4
474,3
474,2
474,1
473,4
473,3
473,2
473,1
472,4
472,3
472,2
472,1
471,4
471,3
471,2
471,1
470,4
470,3
470,2
470,1
4294967294,1412
469,4
469,3
469,2
469,1
468,6
468,5
468,4
468,3
468,2
468,1
466,5
466,4
466,3
466,2
466,1
4294967278,436
465,4
465,3
465,2
465,1
464,4
464,3
464,2
464,1
463,5
463,4
463,3
463,2
463,1
4294967294,1267
4294967294,1246
462,4
462,3
462,2
462,1
4294967279,562
4294967279,561
4294967279,560
4294967279,559
4294967294,1541
4294967278,435
4294967293,131
4294967293,130
4294967293,129
4294967293,128
4294967293,127
4294967293,126
4294967293,125
4294967293,124
4294967293,123
4294967293,122
4294967293,121
4294967293,120
4294967293,119
4294967293,118
4294967293,117
4294967293,116
4294967293,115
4294967293,114
4294967293,113
4294967293,112
4294967293,111
4294967293,110
4294967293,109
4294967293,108
4294967293,107
4294967293,106
4294967293,105
4294967293,104
4294967293,103
4294967293,102
4294967293,101
4294967293,100
4294967293,99
4294967293,98
4294967293,97
4294967293,96
4294967293,95
4294967293,94
4294967293,93
4294967293,92
4294967293,91
4294967293,90
4294967293,89
